#
#      File Name      
#

System.CurrrentDirectory         ./    # default=./
System.Name                      cghelgeo
level.of.stdout                   1    # default=1 (1-3)
level.of.fileout                  0    # default=1 (1-3)
DATA.PATH                        ../../DFT_DATA19

#
# Definition of Atomic Species
#

Species.Number        5
<Definition.of.Atomic.Species
   H   H5.0-s3p2         H_PBE19
   C   C6.0-s2p2d1       C_PBE19
   N   N6.0-s3p3d2f1     N_PBE19
   O   O7.0-s3p3d2       O_PBE19
   P   P7.0-s4p3d3f2     P_PBE19
Definition.of.Atomic.Species>

#
# Atoms
#

Atoms.Number        650
Atoms.SpeciesAndCoordinates.Unit   Ang # Ang|AU
<Atoms.SpeciesAndCoordinates
   1    P   -0.80800000000000   -8.87300000000000   -2.08000000000000     2.5     2.5
   2    O   -0.19600000000000  -10.19800000000000   -1.86000000000000     3.0     3.0
   3    O   -2.02900000000000   -8.58300000000000   -1.29000000000000     3.0     3.0
   4    O    0.27000000000000   -7.72500000000000   -1.83000000000000     3.0     3.0
   5    O    4.18900000000000   -7.68200000000000   -0.25000000000000     3.0     3.0
   6    C    2.25200000000000   -5.41000000000000   -0.47000000000000     2.0     2.0
   7    C    2.03500000000000   -6.74000000000000    0.24000000000000     2.0     2.0
   8    C    2.81800000000000   -7.70100000000000   -0.64000000000000     2.0     2.0
   9    C    2.60800000000000   -7.12800000000000   -2.04000000000000     2.0     2.0
  10    C    1.36400000000000   -7.57800000000000   -2.77000000000000     2.0     2.0
  11    O    2.53000000000000   -5.68200000000000   -1.83000000000000     3.0     3.0
  12    N   -2.00500000000000   -1.89600000000000   -0.27000000000000     2.5     2.5
  13    C   -1.00600000000000   -2.76300000000000   -0.32000000000000     2.0     2.0
  14    N    0.24500000000000   -2.29700000000000   -0.22000000000000     2.5     2.5
  15    C    1.30700000000000   -3.13900000000000   -0.27000000000000     2.0     2.0
  16    O    2.47400000000000   -2.73800000000000   -0.18000000000000     3.0     3.0
  17    N    1.07300000000000   -4.50400000000000   -0.42000000000000     2.5     2.5
  18    C   -0.19200000000000   -4.98600000000000   -0.52000000000000     2.0     2.0
  19    C   -1.27200000000000   -4.16000000000000   -0.47000000000000     2.0     2.0
  20    H    3.10800000000000   -4.88000000000000   -0.05200000000000     0.5     0.5
  21    H    2.42000000000000   -6.73200000000000    1.26000000000000     0.5     0.5
  22    H    0.98200000000000   -7.01500000000000    0.28900000000000     0.5     0.5
  23    H    2.43700000000000   -8.72000000000000   -0.57100000000000     0.5     0.5
  24    H    3.47000000000000   -7.42600000000000   -2.63700000000000     0.5     0.5
  25    H    1.10400000000000   -6.83600000000000   -3.52500000000000     0.5     0.5
  26    H    1.56100000000000   -8.53200000000000   -3.25800000000000     0.5     0.5
  27    H   -2.97800000000000   -2.22600000000000   -0.34400000000000     0.5     0.5
  28    H   -1.81000000000000   -0.89100000000000   -0.15700000000000     0.5     0.5
  29    H   -0.34600000000000   -6.05800000000000   -0.64300000000000     0.5     0.5
  30    H   -2.29000000000000   -4.54400000000000   -0.54100000000000     0.5     0.5
  31    P    4.56200000000000   -7.65300000000000    1.30000000000000     2.5     2.5
  32    O    5.83600000000000   -8.36600000000000    1.52000000000000     3.0     3.0
  33    O    3.40300000000000   -8.13600000000000    2.09000000000000     3.0     3.0
  34    O    4.75900000000000   -6.09100000000000    1.55000000000000     3.0     3.0
  35    O    7.90400000000000   -3.75300000000000    3.13000000000000     3.0     3.0
  36    C    5.00200000000000   -3.05300000000000    2.91000000000000     2.0     2.0
  37    C    5.60800000000000   -4.25700000000000    3.62000000000000     2.0     2.0
  38    C    6.80600000000000   -4.57400000000000    2.74000000000000     2.0     2.0
  39    C    6.30000000000000   -4.23400000000000    1.34000000000000     2.0     2.0
  40    C    5.55800000000000   -5.32900000000000    0.61000000000000     2.0     2.0
  41    O    5.38700000000000   -3.11000000000000    1.55000000000000     3.0     3.0
  42    N   -0.50800000000000   -2.71200000000000    3.11000000000000     2.5     2.5
  43    C    0.81000000000000   -2.82700000000000    3.06000000000000     2.0     2.0
  44    N    1.54800000000000   -1.71400000000000    3.16000000000000     2.5     2.5
  45    C    2.90200000000000   -1.77100000000000    3.11000000000000     2.0     2.0
  46    O    3.61100000000000   -0.76100000000000    3.20000000000000     3.0     3.0
  47    N    3.51500000000000   -3.01300000000000    2.96000000000000     2.5     2.5
  48    C    2.77500000000000   -4.14700000000000    2.86000000000000     2.0     2.0
  49    C    1.41600000000000   -4.11300000000000    2.91000000000000     2.0     2.0
  50    H    5.38300000000000   -2.12100000000000    3.32800000000000     0.5     0.5
  51    H    5.91500000000000   -4.02400000000000    4.64000000000000     0.5     0.5
  52    H    4.91800000000000   -5.09900000000000    3.66900000000000     0.5     0.5
  53    H    7.09700000000000   -5.62200000000000    2.80900000000000     0.5     0.5
  54    H    7.17200000000000   -3.96800000000000    0.74300000000000     0.5     0.5
  55    H    4.91100000000000   -4.88200000000000   -0.14500000000000     0.5     0.5
  56    H    6.27800000000000   -5.98500000000000    0.12200000000000     0.5     0.5
  57    H   -1.10000000000000   -3.55100000000000    3.03600000000000     0.5     0.5
  58    H   -0.94000000000000   -1.78500000000000    3.22300000000000     0.5     0.5
  59    H    3.28100000000000   -5.10400000000000    2.73700000000000     0.5     0.5
  60    H    0.81900000000000   -5.02200000000000    2.83900000000000     0.5     0.5
  61    P    8.18900000000000   -3.51000000000000    4.68000000000000     2.5     2.5
  62    O    9.63800000000000   -3.33800000000000    4.90000000000000     3.0     3.0
  63    O    7.53600000000000   -4.58200000000000    5.47000000000000     3.0     3.0
  64    O    7.43000000000000   -2.13000000000000    4.93000000000000     3.0     3.0
  65    O    8.60000000000000    1.61000000000000    6.51000000000000     3.0     3.0
  66    C    5.84100000000000    0.47000000000000    6.29000000000000     2.0     2.0
  67    C    7.03900000000000   -0.14700000000000    7.00000000000000     2.0     2.0
  68    C    8.19500000000000    0.30000000000000    6.12000000000000     2.0     2.0
  69    C    7.58500000000000    0.27800000000000    4.72000000000000     2.0     2.0
  70    C    7.62900000000000   -1.04400000000000    3.99000000000000     2.0     2.0
  71    O    6.18600000000000    0.65000000000000    4.93000000000000     3.0     3.0
  72    N    1.18400000000000   -2.49300000000000    6.49000000000000     2.5     2.5
  73    C    2.31700000000000   -1.81100000000000    6.44000000000000     2.0     2.0
  74    N    2.26000000000000   -0.47700000000000    6.54000000000000     2.5     2.5
  75    C    3.38900000000000    0.27300000000000    6.49000000000000     2.0     2.0
  76    O    3.36800000000000    1.50700000000000    6.58000000000000     3.0     3.0
  77    N    4.61500000000000   -0.37100000000000    6.34000000000000     2.5     2.5
  78    C    4.68300000000000   -1.72300000000000    6.24000000000000     2.0     2.0
  79    C    3.56300000000000   -2.49500000000000    6.29000000000000     2.0     2.0
  80    H    5.60200000000000    1.44800000000000    6.70800000000000     0.5     0.5
  81    H    7.15000000000000    0.22100000000000    8.02000000000000     0.5     0.5
  82    H    6.97500000000000   -1.23400000000000    7.04900000000000     0.5     0.5
  83    H    9.04600000000000   -0.37700000000000    6.18900000000000     0.5     0.5
  84    H    8.13400000000000    1.00600000000000    4.12300000000000     0.5     0.5
  85    H    6.84300000000000   -1.06300000000000    3.23500000000000     0.5     0.5
  86    H    8.59700000000000   -1.15200000000000    3.50200000000000     0.5     0.5
  87    H    1.19700000000000   -3.52000000000000    6.41600000000000     0.5     0.5
  88    H    0.28800000000000   -1.99600000000000    6.60300000000000     0.5     0.5
  89    H    5.65500000000000   -2.20100000000000    6.11700000000000     0.5     0.5
  90    H    3.61400000000000   -3.58200000000000    6.21900000000000     0.5     0.5
  91    P    8.68800000000000    1.97300000000000    8.06000000000000     2.5     2.5
  92    O    9.75900000000000    2.96500000000000    8.28000000000000     3.0     3.0
  93    O    8.79000000000000    0.72300000000000    8.85000000000000     3.0     3.0
  94    O    7.26300000000000    2.64400000000000    8.31000000000000     3.0     3.0
  95    O    6.01200000000000    6.35800000000000    9.89000000000000     3.0     3.0
  96    C    4.44900000000000    3.81400000000000    9.67000000000000     2.0     2.0
  97    C    5.78100000000000    4.01800000000000   10.38000000000000     2.0     2.0
  98    C    6.45300000000000    5.06000000000000    9.50000000000000     2.0     2.0
  99    C    5.97300000000000    4.68300000000000    8.10000000000000     2.0     2.0
 100    C    6.78600000000000    3.63900000000000    7.37000000000000     2.0     2.0
 101    O    4.62200000000000    4.16200000000000    8.31000000000000     3.0     3.0
 102    N    2.42300000000000   -1.32100000000000    9.87000000000000     2.5     2.5
 103    C    2.93900000000000   -0.10300000000000    9.82000000000000     2.0     2.0
 104    N    2.10900000000000    0.94300000000000    9.92000000000000     2.5     2.5
 105    C    2.58100000000000    2.21300000000000    9.87000000000000     2.0     2.0
 106    O    1.83900000000000    3.19900000000000    9.96000000000000     3.0     3.0
 107    N    3.95200000000000    2.41200000000000    9.72000000000000     2.5     2.5
 108    C    4.80100000000000    1.35800000000000    9.62000000000000     2.0     2.0
 109    C    4.34900000000000    0.07600000000000    9.67000000000000     2.0     2.0
 110    H    3.68100000000000    4.46400000000000   10.08800000000000     0.5     0.5
 111    H    5.65500000000000    4.38200000000000   11.40000000000000     0.5     0.5
 112    H    6.36900000000000    3.10100000000000   10.42900000000000     0.5     0.5
 113    H    7.54000000000000    5.01300000000000    9.56900000000000     0.5     0.5
 114    H    5.99000000000000    5.59500000000000    7.50300000000000     0.5     0.5
 115    H    6.16000000000000    3.16200000000000    6.61500000000000     0.5     0.5
 116    H    7.63200000000000    4.12100000000000    6.88200000000000     0.5     0.5
 117    H    3.03800000000000   -2.14400000000000    9.79600000000000     0.5     0.5
 118    H    1.40700000000000   -1.44600000000000    9.98300000000000     0.5     0.5
 119    H    5.86800000000000    1.54300000000000    9.49700000000000     0.5     0.5
 120    H    5.02900000000000   -0.77300000000000    9.59900000000000     0.5     0.5
 121    P    5.86900000000000    6.70300000000000   11.44000000000000     2.5     2.5
 122    O    6.15300000000000    8.13500000000000   11.66000000000000     3.0     3.0
 123    O    6.68600000000000    5.75100000000000   12.23000000000000     3.0     3.0
 124    O    4.32200000000000    6.40800000000000   11.69000000000000     3.0     3.0
 125    O    1.12600000000000    8.67700000000000   13.27000000000000     3.0     3.0
 126    C    1.35800000000000    5.70000000000000   13.05000000000000     2.0     2.0
 127    C    2.31500000000000    6.64900000000000   13.76000000000000     2.0     2.0
 128    C    2.24700000000000    7.88700000000000   12.88000000000000     2.0     2.0
 129    C    2.08000000000000    7.30000000000000   11.48000000000000     2.0     2.0
 130    C    3.35100000000000    6.93200000000000   10.75000000000000     2.0     2.0
 131    O    1.29300000000000    6.08400000000000   11.69000000000000     3.0     3.0
 132    N    2.73700000000000    0.35500000000000   13.25000000000000     2.5     2.5
 133    C    2.43800000000000    1.64400000000000   13.20000000000000     2.0     2.0
 134    N    1.15200000000000    2.00200000000000   13.30000000000000     2.5     2.5
 135    C    0.78800000000000    3.30800000000000   13.25000000000000     2.0     2.0
 136    O   -0.39200000000000    3.66900000000000   13.34000000000000     3.0     3.0
 137    N    1.77900000000000    4.27500000000000   13.10000000000000     2.5     2.5
 138    C    3.08600000000000    3.92100000000000   13.00000000000000     2.0     2.0
 139    C    3.47400000000000    2.61800000000000   13.05000000000000     2.0     2.0
 140    H    0.35400000000000    5.77500000000000   13.46800000000000     0.5     0.5
 141    H    1.99900000000000    6.86900000000000   14.78000000000000     0.5     0.5
 142    H    3.32900000000000    6.25200000000000   13.80900000000000     0.5     0.5
 143    H    3.15400000000000    8.48700000000000   12.94900000000000     0.5     0.5
 144    H    1.55700000000000    8.04700000000000   10.88300000000000     0.5     0.5
 145    H    3.12500000000000    6.18000000000000    9.99500000000000     0.5     0.5
 146    H    3.75200000000000    7.82000000000000   10.26200000000000     0.5     0.5
 147    H    3.71800000000000    0.05100000000000   13.17600000000000     0.5     0.5
 148    H    1.98800000000000   -0.34300000000000   13.36300000000000     0.5     0.5
 149    H    3.84100000000000    4.69800000000000   12.87700000000000     0.5     0.5
 150    H    4.52300000000000    2.33000000000000   12.97900000000000     0.5     0.5
 151    P    0.80800000000000    8.87300000000000   14.82000000000000     2.5     2.5
 152    O    0.19600000000000   10.19800000000000   15.04000000000000     3.0     3.0
 153    O    2.02900000000000    8.58300000000000   15.61000000000000     3.0     3.0
 154    O   -0.27000000000000    7.72500000000000   15.07000000000000     3.0     3.0
 155    O   -4.18900000000000    7.68200000000000   16.65000000000000     3.0     3.0
 156    C   -2.25200000000000    5.41000000000000   16.43000000000000     2.0     2.0
 157    C   -2.03500000000000    6.74000000000000   17.14000000000000     2.0     2.0
 158    C   -2.81800000000000    7.70100000000000   16.26000000000000     2.0     2.0
 159    C   -2.60800000000000    7.12800000000000   14.86000000000000     2.0     2.0
 160    C   -1.36400000000000    7.57800000000000   14.13000000000000     2.0     2.0
 161    O   -2.53000000000000    5.68200000000000   15.07000000000000     3.0     3.0
 162    N    2.00500000000000    1.89600000000000   16.63000000000000     2.5     2.5
 163    C    1.00600000000000    2.76300000000000   16.58000000000000     2.0     2.0
 164    N   -0.24500000000000    2.29700000000000   16.68000000000000     2.5     2.5
 165    C   -1.30700000000000    3.13900000000000   16.63000000000000     2.0     2.0
 166    O   -2.47400000000000    2.73800000000000   16.72000000000000     3.0     3.0
 167    N   -1.07300000000000    4.50400000000000   16.48000000000000     2.5     2.5
 168    C    0.19200000000000    4.98600000000000   16.38000000000000     2.0     2.0
 169    C    1.27200000000000    4.16000000000000   16.43000000000000     2.0     2.0
 170    H   -3.10800000000000    4.88000000000000   16.84800000000000     0.5     0.5
 171    H   -2.42000000000000    6.73200000000000   18.16000000000000     0.5     0.5
 172    H   -0.98200000000000    7.01500000000000   17.18900000000000     0.5     0.5
 173    H   -2.43700000000000    8.72000000000000   16.32900000000000     0.5     0.5
 174    H   -3.47000000000000    7.42600000000000   14.26300000000000     0.5     0.5
 175    H   -1.10400000000000    6.83600000000000   13.37500000000000     0.5     0.5
 176    H   -1.56100000000000    8.53200000000000   13.64200000000000     0.5     0.5
 177    H    2.97800000000000    2.22600000000000   16.55600000000000     0.5     0.5
 178    H    1.81000000000000    0.89100000000000   16.74300000000000     0.5     0.5
 179    H    0.34600000000000    6.05800000000000   16.25700000000000     0.5     0.5
 180    H    2.29000000000000    4.54400000000000   16.35900000000000     0.5     0.5
 181    P   -4.56200000000000    7.65300000000000   18.20000000000000     2.5     2.5
 182    O   -5.83600000000000    8.36600000000000   18.42000000000000     3.0     3.0
 183    O   -3.40300000000000    8.13600000000000   18.99000000000000     3.0     3.0
 184    O   -4.75900000000000    6.09100000000000   18.45000000000000     3.0     3.0
 185    O   -7.90400000000000    3.75300000000000   20.03000000000000     3.0     3.0
 186    C   -5.00200000000000    3.05300000000000   19.81000000000000     2.0     2.0
 187    C   -5.60800000000000    4.25700000000000   20.52000000000000     2.0     2.0
 188    C   -6.80600000000000    4.57400000000000   19.64000000000000     2.0     2.0
 189    C   -6.30000000000000    4.23400000000000   18.24000000000000     2.0     2.0
 190    C   -5.55800000000000    5.32900000000000   17.51000000000000     2.0     2.0
 191    O   -5.38700000000000    3.11000000000000   18.45000000000000     3.0     3.0
 192    N    0.50800000000000    2.71200000000000   20.01000000000000     2.5     2.5
 193    C   -0.81000000000000    2.82700000000000   19.96000000000000     2.0     2.0
 194    N   -1.54800000000000    1.71400000000000   20.06000000000000     2.5     2.5
 195    C   -2.90200000000000    1.77100000000000   20.01000000000000     2.0     2.0
 196    O   -3.61100000000000    0.76100000000000   20.10000000000000     3.0     3.0
 197    N   -3.51500000000000    3.01300000000000   19.86000000000000     2.5     2.5
 198    C   -2.77500000000000    4.14700000000000   19.76000000000000     2.0     2.0
 199    C   -1.41600000000000    4.11300000000000   19.81000000000000     2.0     2.0
 200    H   -5.38300000000000    2.12100000000000   20.22800000000000     0.5     0.5
 201    H   -5.91500000000000    4.02400000000000   21.54000000000000     0.5     0.5
 202    H   -4.91800000000000    5.09900000000000   20.56900000000000     0.5     0.5
 203    H   -7.09700000000000    5.62200000000000   19.70900000000000     0.5     0.5
 204    H   -7.17200000000000    3.96800000000000   17.64300000000000     0.5     0.5
 205    H   -4.91100000000000    4.88200000000000   16.75500000000000     0.5     0.5
 206    H   -6.27800000000000    5.98500000000000   17.02200000000000     0.5     0.5
 207    H    1.10000000000000    3.55100000000000   19.93600000000000     0.5     0.5
 208    H    0.94000000000000    1.78500000000000   20.12300000000000     0.5     0.5
 209    H   -3.28100000000000    5.10400000000000   19.63700000000000     0.5     0.5
 210    H   -0.81900000000000    5.02200000000000   19.73900000000000     0.5     0.5
 211    P   -8.18900000000000    3.51000000000000   21.58000000000000     2.5     2.5
 212    O   -9.23900000000000    3.73100000000000   22.11900000000000     3.0     3.0
 213    O   -7.53600000000000    4.58200000000000   22.37000000000000     3.0     3.0
 214    O   -7.43000000000000    2.13000000000000   21.83000000000000     3.0     3.0
 215    O   -8.60000000000000   -1.61000000000000   23.41000000000000     3.0     3.0
 216    C   -5.84100000000000   -0.47000000000000   23.19000000000000     2.0     2.0
 217    C   -7.03900000000000    0.14700000000000   23.90000000000000     2.0     2.0
 218    C   -8.19500000000000   -0.30000000000000   23.02000000000000     2.0     2.0
 219    C   -7.58500000000000   -0.27800000000000   21.62000000000000     2.0     2.0
 220    C   -7.62900000000000    1.04400000000000   20.89000000000000     2.0     2.0
 221    O   -6.18600000000000   -0.65000000000000   21.83000000000000     3.0     3.0
 222    N   -1.18400000000000    2.49300000000000   23.39000000000000     2.5     2.5
 223    C   -2.31700000000000    1.81100000000000   23.34000000000000     2.0     2.0
 224    N   -2.26000000000000    0.47700000000000   23.44000000000000     2.5     2.5
 225    C   -3.38900000000000   -0.27300000000000   23.39000000000000     2.0     2.0
 226    O   -3.36900000000000   -1.50700000000000   23.48000000000000     3.0     3.0
 227    N   -4.61500000000000    0.37100000000000   23.24000000000000     2.5     2.5
 228    C   -4.68300000000000    1.72300000000000   23.14000000000000     2.0     2.0
 229    C   -3.56300000000000    2.49500000000000   23.19000000000000     2.0     2.0
 230    H   -5.60200000000000   -1.44800000000000   23.60800000000000     0.5     0.5
 231    H   -7.15000000000000   -0.22100000000000   24.92000000000000     0.5     0.5
 232    H   -6.97500000000000    1.23400000000000   23.94900000000000     0.5     0.5
 233    H   -9.04600000000000    0.37700000000000   23.08900000000000     0.5     0.5
 234    H   -8.13400000000000   -1.00600000000000   21.02300000000000     0.5     0.5
 235    H   -6.84300000000000    1.06300000000000   20.13500000000000     0.5     0.5
 236    H   -8.59700000000000    1.15200000000000   20.40200000000000     0.5     0.5
 237    H   -1.19700000000000    3.52000000000000   23.31600000000000     0.5     0.5
 238    H   -0.28800000000000    1.99600000000000   23.50300000000000     0.5     0.5
 239    H   -5.65500000000000    2.20100000000000   23.01700000000000     0.5     0.5
 240    H   -3.61400000000000    3.58200000000000   23.11900000000000     0.5     0.5
 241    P   -8.68800000000000   -1.97300000000000   24.96000000000000     2.5     2.5
 242    O   -9.75900000000000   -2.96500000000000   25.18000000000000     3.0     3.0
 243    O   -8.79000000000000   -0.72300000000000   25.75000000000000     3.0     3.0
 244    O   -7.26300000000000   -2.64400000000000   25.21000000000000     3.0     3.0
 245    O   -6.01200000000000   -6.35800000000000   26.79000000000000     3.0     3.0
 246    C   -4.44900000000000   -3.81400000000000   26.57000000000000     2.0     2.0
 247    C   -5.78100000000000   -4.01800000000000   27.28000000000000     2.0     2.0
 248    C   -6.45300000000000   -5.06000000000000   26.40000000000000     2.0     2.0
 249    C   -5.97300000000000   -4.68300000000000   25.00000000000000     2.0     2.0
 250    C   -6.78600000000000   -3.63900000000000   24.27000000000000     2.0     2.0
 251    O   -4.62200000000000   -4.16200000000000   25.21000000000000     3.0     3.0
 252    N   -2.42300000000000    1.32100000000000   26.77000000000000     2.5     2.5
 253    C   -2.93900000000000    0.10300000000000   26.72000000000000     2.0     2.0
 254    N   -2.10900000000000   -0.94300000000000   26.82000000000000     2.5     2.5
 255    C   -2.58100000000000   -2.21300000000000   26.77000000000000     2.0     2.0
 256    O   -1.83900000000000   -3.19900000000000   26.86000000000000     3.0     3.0
 257    N   -3.95200000000000   -2.41200000000000   26.62000000000000     2.5     2.5
 258    C   -4.80100000000000   -1.35800000000000   26.52000000000000     2.0     2.0
 259    C   -4.34900000000000   -0.07600000000000   26.57000000000000     2.0     2.0
 260    H   -3.68100000000000   -4.46400000000000   26.98800000000000     0.5     0.5
 261    H   -5.65500000000000   -4.38200000000000   28.30000000000000     0.5     0.5
 262    H   -6.36900000000000   -3.10100000000000   27.32900000000000     0.5     0.5
 263    H   -7.54000000000000   -5.01300000000000   26.46900000000000     0.5     0.5
 264    H   -5.99000000000000   -5.59500000000000   24.40300000000000     0.5     0.5
 265    H   -6.16000000000000   -3.16200000000000   23.51500000000001     0.5     0.5
 266    H   -7.63200000000000   -4.12100000000000   23.78200000000000     0.5     0.5
 267    H   -3.03800000000000    2.14400000000000   26.69600000000000     0.5     0.5
 268    H   -1.40700000000000    1.44600000000000   26.88300000000000     0.5     0.5
 269    H   -5.86800000000000   -1.54300000000000   26.39700000000000     0.5     0.5
 270    H   -5.02900000000000    0.77300000000000   26.49900000000000     0.5     0.5
 271    P   -5.86900000000000   -6.70300000000000   28.34000000000000     2.5     2.5
 272    O   -6.15300000000000   -8.13500000000000   28.56000000000000     3.0     3.0
 273    O   -6.68600000000000   -5.75100000000000   29.13000000000000     3.0     3.0
 274    O   -4.32200000000000   -6.40800000000000   28.59000000000000     3.0     3.0
 275    O   -1.12600000000000   -8.67700000000000   30.17000000000000     3.0     3.0
 276    C   -1.35800000000000   -5.70000000000000   29.95000000000000     2.0     2.0
 277    C   -2.31500000000000   -6.64900000000000   30.66000000000000     2.0     2.0
 278    C   -2.24700000000000   -7.88700000000000   29.78000000000000     2.0     2.0
 279    C   -2.08000000000000   -7.30000000000000   28.38000000000000     2.0     2.0
 280    C   -3.35100000000000   -6.93200000000000   27.65000000000000     2.0     2.0
 281    O   -1.29300000000000   -6.08400000000000   28.59000000000000     3.0     3.0
 282    N   -2.73700000000000   -0.35500000000000   30.15000000000000     2.5     2.5
 283    C   -2.43800000000000   -1.64400000000000   30.10000000000000     2.0     2.0
 284    N   -1.15200000000000   -2.00200000000000   30.20000000000000     2.5     2.5
 285    C   -0.78800000000000   -3.30800000000000   30.15000000000000     2.0     2.0
 286    O    0.39200000000000   -3.66900000000000   30.24000000000000     3.0     3.0
 287    N   -1.77900000000000   -4.27500000000000   30.00000000000000     2.5     2.5
 288    C   -3.08600000000000   -3.92100000000000   29.90000000000000     2.0     2.0
 289    C   -3.47400000000000   -2.61800000000000   29.95000000000000     2.0     2.0
 290    H   -0.35400000000000   -5.77500000000000   30.36800000000000     0.5     0.5
 291    H   -1.99900000000000   -6.86900000000000   31.68000000000000     0.5     0.5
 292    H   -3.32900000000000   -6.25200000000000   30.70900000000000     0.5     0.5
 293    H   -3.15400000000000   -8.48700000000000   29.84900000000000     0.5     0.5
 294    H   -1.55700000000000   -8.04700000000000   27.78300000000000     0.5     0.5
 295    H   -3.12500000000000   -6.18000000000000   26.89500000000000     0.5     0.5
 296    H   -3.75200000000000   -7.82000000000000   27.16200000000000     0.5     0.5
 297    H   -3.71800000000000   -0.05100000000000   30.07600000000000     0.5     0.5
 298    H   -1.98800000000000    0.34300000000000   30.26300000000000     0.5     0.5
 299    H   -3.84100000000000   -4.69800000000000   29.77700000000000     0.5     0.5
 300    H   -4.52300000000000   -2.33000000000000   29.87900000000000     0.5     0.5
 301    P    4.56200000000000    7.65300000000000   32.50000000000001     2.5     2.5
 302    O    5.83600000000000    8.36600000000000   32.28000000000000     3.0     3.0
 303    O    3.40300000000000    8.13600000000000   31.71000000000000     3.0     3.0
 304    O    4.75900000000000    6.09100000000000   32.25000000000001     3.0     3.0
 305    O    7.90400000000000    3.75300000000000   30.67000000000001     3.0     3.0
 306    C    5.00200000000000    3.05300000000000   30.89000000000000     2.0     2.0
 307    C    5.60800000000000    4.25700000000000   30.18000000000000     2.0     2.0
 308    C    6.80600000000000    4.57400000000000   31.06000000000000     2.0     2.0
 309    C    6.30000000000000    4.23400000000000   32.46000000000001     2.0     2.0
 310    C    5.55800000000000    5.32900000000000   33.18999999999999     2.0     2.0
 311    O    5.38700000000000    3.11000000000000   32.25000000000001     3.0     3.0
 312    N    2.55800000000000   -1.58700000000000   30.32000000000000     2.5     2.5
 313    O   -0.81900000000000    1.50100000000000   30.55000000000001     3.0     3.0
 314    C    0.40000000000000    1.33100000000000   30.57000000000000     2.0     2.0
 315    C    1.43100000000000    2.28900000000000   30.70000000000000     2.0     2.0
 316    N    1.36000000000000    3.67700000000000   30.84000000000000     2.5     2.5
 317    C    2.61100000000000    4.05100000000000   30.92000000000000     2.0     2.0
 318    N    3.51500000000000    3.01300000000000   30.84000000000000     2.5     2.5
 319    C    2.75100000000000    1.87600000000000   30.70000000000000     2.0     2.0
 320    N    3.23200000000000    0.61100000000000   30.58000000000000     2.5     2.5
 321    C    2.26200000000000   -0.29000000000000   30.45000000000000     2.0     2.0
 322    N    0.91900000000000    0.03000000000000   30.45000000000000     2.5     2.5
 323    H    5.38300000000000    2.12100000000000   30.47200000000000     0.5     0.5
 324    H    5.91500000000000    4.02400000000000   29.16000000000001     0.5     0.5
 325    H    4.91800000000000    5.09900000000000   30.13100000000000     0.5     0.5
 326    H    7.09700000000000    5.62200000000000   30.99100000000000     0.5     0.5
 327    H    7.17200000000000    3.96800000000000   33.05700000000000     0.5     0.5
 328    H    4.91100000000000    4.88200000000000   33.94500000000000     0.5     0.5
 329    H    6.27800000000000    5.98500000000000   33.67800000000000     0.5     0.5
 330    H    3.54200000000000   -1.89200000000000   30.31300000000000     0.5     0.5
 331    H    1.80300000000000   -2.28100000000000   30.22700000000000     0.5     0.5
 332    H    2.91200000000000    5.09200000000000   31.03900000000000     0.5     0.5
 333    H    0.24600000000000   -0.74300000000000   30.35500000000000     0.5     0.5
 334    P    8.18900000000000    3.51000000000000   29.12000000000000     2.5     2.5
 335    O    9.63800000000000    3.33800000000000   28.90000000000000     3.0     3.0
 336    O    7.53600000000000    4.58200000000000   28.33000000000000     3.0     3.0
 337    O    7.43000000000000    2.13000000000000   28.87000000000001     3.0     3.0
 338    O    8.60000000000000   -1.61000000000000   27.29000000000000     3.0     3.0
 339    C    5.84100000000000   -0.47000000000000   27.51000000000001     2.0     2.0
 340    C    7.03900000000000    0.14700000000000   26.80000000000000     2.0     2.0
 341    C    8.19500000000000   -0.30000000000000   27.68000000000000     2.0     2.0
 342    C    7.58500000000000   -0.27800000000000   29.08000000000000     2.0     2.0
 343    C    7.62900000000000    1.04400000000000   29.81000000000000     2.0     2.0
 344    O    6.18600000000000   -0.65000000000000   28.87000000000001     3.0     3.0
 345    N    1.13700000000000   -2.78700000000000   26.94000000000000     2.5     2.5
 346    O    0.22000000000000    1.69600000000000   27.17000000000001     3.0     3.0
 347    C    1.10600000000000    0.84200000000000   27.19000000000000     2.0     2.0
 348    C    2.50300000000000    1.01100000000000   27.32000000000000     2.0     2.0
 349    N    3.26100000000000    2.17500000000000   27.46000000000000     2.5     2.5
 350    C    4.49300000000000    1.74300000000000   27.54000000000000     2.0     2.0
 351    N    4.61500000000000    0.37100000000000   27.46000000000000     2.5     2.5
 352    C    3.32900000000000   -0.09900000000000   27.32000000000000     2.0     2.0
 353    N    2.97400000000000   -1.40600000000000   27.20000000000000     2.5     2.5
 354    C    1.65900000000000   -1.56400000000000   27.07000000000000     2.0     2.0
 355    N    0.76200000000000   -0.51600000000000   27.07000000000000     2.5     2.5
 356    H    5.60200000000000   -1.44800000000000   27.09200000000000     0.5     0.5
 357    H    7.15000000000000   -0.22100000000000   25.78000000000000     0.5     0.5
 358    H    6.97500000000000    1.23400000000000   26.75100000000000     0.5     0.5
 359    H    9.04600000000000    0.37700000000000   27.61100000000000     0.5     0.5
 360    H    8.13400000000000   -1.00600000000000   29.67700000000000     0.5     0.5
 361    H    6.84300000000000    1.06300000000000   30.56500000000000     0.5     0.5
 362    H    8.59700000000000    1.15200000000000   30.29800000000000     0.5     0.5
 363    H    1.75300000000000   -3.61200000000000   26.93200000000000     0.5     0.5
 364    H    0.11800000000000   -2.90500000000000   26.84700000000000     0.5     0.5
 365    H    5.34900000000000    2.40800000000000   27.65900000000000     0.5     0.5
 366    H   -0.23800000000000   -0.74600000000000   26.97500000000000     0.5     0.5
 367    P    8.68800000000000   -1.97300000000000   25.74000000000000     2.5     2.5
 368    O    9.75900000000000   -2.96500000000000   25.52000000000000     3.0     3.0
 369    O    8.79000000000000   -0.72300000000000   24.95000000000000     3.0     3.0
 370    O    7.26300000000000   -2.64400000000000   25.49000000000000     3.0     3.0
 371    O    6.01200000000000   -6.35800000000000   23.91000000000000     3.0     3.0
 372    C    4.44900000000000   -3.81400000000000   24.13000000000000     2.0     2.0
 373    C    5.78100000000000   -4.01800000000000   23.42000000000000     2.0     2.0
 374    C    6.45300000000000   -5.06000000000000   24.30000000000000     2.0     2.0
 375    C    5.97300000000000   -4.68300000000000   25.70000000000000     2.0     2.0
 376    C    6.78600000000000   -3.63900000000000   26.43000000000000     2.0     2.0
 377    O    4.62200000000000   -4.16200000000000   25.49000000000000     3.0     3.0
 378    N   -0.71800000000000   -2.92300000000000   23.56000000000000     2.5     2.5
 379    O    1.17500000000000    1.24300000000000   23.79000000000001     3.0     3.0
 380    C    1.39000000000000    0.03100000000000   23.81000000000000     2.0     2.0
 381    C    2.61900000000000   -0.65300000000000   23.94000000000000     2.0     2.0
 382    N    3.91700000000000   -0.15700000000000   24.08000000000000     2.5     2.5
 383    C    4.66000000000000   -1.23100000000000   24.16000000000000     2.0     2.0
 384    N    3.95200000000000   -2.41200000000000   24.08000000000000     2.5     2.5
 385    C    2.63500000000000   -2.03700000000000   23.94000000000000     2.0     2.0
 386    N    1.58000000000000   -2.88500000000000   23.82000000000000     2.5     2.5
 387    C    0.42300000000000   -2.24000000000000   23.69000000000000     2.0     2.0
 388    N    0.31300000000000   -0.86500000000000   23.69000000000000     2.5     2.5
 389    H    3.68100000000000   -4.46400000000000   23.71200000000000     0.5     0.5
 390    H    5.65500000000000   -4.38200000000000   22.40000000000000     0.5     0.5
 391    H    6.36900000000000   -3.10100000000000   23.37100000000000     0.5     0.5
 392    H    7.54000000000000   -5.01300000000000   24.23100000000000     0.5     0.5
 393    H    5.99000000000000   -5.59500000000000   26.29700000000000     0.5     0.5
 394    H    6.16000000000000   -3.16200000000000   27.18500000000000     0.5     0.5
 395    H    7.63200000000000   -4.12100000000000   26.91800000000000     0.5     0.5
 396    H   -0.70500000000000   -3.95300000000000   23.55200000000000     0.5     0.5
 397    H   -1.61200000000000   -2.41900000000000   23.46700000000000     0.5     0.5
 398    H    5.74200000000000   -1.19600000000000   24.27900000000000     0.5     0.5
 399    H   -0.63100000000000   -0.46400000000000   23.59500000000000     0.5     0.5
 400    P    5.86900000000000   -6.70300000000000   22.36000000000000     2.5     2.5
 401    O    6.15300000000000   -8.13500000000000   22.14000000000000     3.0     3.0
 402    O    6.68600000000000   -5.75100000000000   21.57000000000000     3.0     3.0
 403    O    4.32200000000000   -6.40800000000000   22.11000000000000     3.0     3.0
 404    O    1.12600000000000   -8.67700000000000   20.53000000000000     3.0     3.0
 405    C    1.35800000000000   -5.70000000000000   20.75000000000000     2.0     2.0
 406    C    2.31500000000000   -6.64900000000000   20.04000000000000     2.0     2.0
 407    C    2.24700000000000   -7.88700000000000   20.92000000000000     2.0     2.0
 408    C    2.08000000000000   -7.30000000000000   22.32000000000000     2.0     2.0
 409    C    3.35100000000000   -6.93200000000000   23.05000000000000     2.0     2.0
 410    O    1.29300000000000   -6.08400000000000   22.11000000000000     3.0     3.0
 411    N   -2.29900000000000   -1.94300000000000   20.18000000000000     2.5     2.5
 412    O    1.68100000000000    0.31500000000000   20.41000000000000     3.0     3.0
 413    C    1.14300000000000   -0.79200000000000   20.43000000000000     2.0     2.0
 414    C    1.73500000000000   -2.06800000000000   20.56000000000000     2.0     2.0
 415    N    3.07700000000000   -2.43000000000000   20.70000000000000     2.5     2.5
 416    C    3.04600000000000   -3.73500000000000   20.78000000000000     2.0     2.0
 417    N    1.77900000000000   -4.27500000000000   20.70000000000000     2.5     2.5
 418    C    0.93400000000000   -3.19600000000000   20.56000000000000     2.0     2.0
 419    N   -0.41800000000000   -3.26300000000000   20.44000000000000     2.5     2.5
 420    C   -0.97400000000000   -2.06100000000000   20.31000000000000     2.0     2.0
 421    N   -0.25500000000000   -0.88400000000000   20.31000000000000     2.5     2.5
 422    H    0.35400000000000   -5.77500000000000   20.33200000000000     0.5     0.5
 423    H    1.99900000000000   -6.86900000000000   19.02000000000000     0.5     0.5
 424    H    3.32900000000000   -6.25200000000000   19.99100000000000     0.5     0.5
 425    H    3.15400000000000   -8.48700000000000   20.85100000000000     0.5     0.5
 426    H    1.55700000000000   -8.04700000000000   22.91700000000000     0.5     0.5
 427    H    3.12500000000000   -6.18000000000000   23.80500000000000     0.5     0.5
 428    H    3.75200000000000   -7.82000000000000   23.53800000000000     0.5     0.5
 429    H   -2.89400000000000   -2.78400000000000   20.17200000000000     0.5     0.5
 430    H   -2.72600000000000   -1.01000000000000   20.08700000000000     0.5     0.5
 431    H    3.94300000000000   -4.34300000000000   20.89900000000000     0.5     0.5
 432    H   -0.78300000000000   -0.00500000000000   20.21500000000000     0.5     0.5
 433    P    0.80800000000000   -8.87300000000000   18.98000000000000     2.5     2.5
 434    O    0.19600000000000  -10.19800000000000   18.76000000000000     3.0     3.0
 435    O    2.02900000000000   -8.58300000000000   18.19000000000000     3.0     3.0
 436    O   -0.27000000000000   -7.72500000000000   18.73000000000000     3.0     3.0
 437    O   -4.18900000000000   -7.68200000000000   17.15000000000000     3.0     3.0
 438    C   -2.25200000000000   -5.41000000000000   17.37000000000000     2.0     2.0
 439    C   -2.03500000000000   -6.74000000000000   16.66000000000000     2.0     2.0
 440    C   -2.81800000000000   -7.70100000000000   17.54000000000000     2.0     2.0
 441    C   -2.60800000000000   -7.12800000000000   18.94000000000000     2.0     2.0
 442    C   -1.36400000000000   -7.57800000000000   19.67000000000000     2.0     2.0
 443    O   -2.53000000000000   -5.68200000000000   18.73000000000000     3.0     3.0
 444    N   -3.00200000000000   -0.22000000000000   16.80000000000000     2.5     2.5
 445    O    1.54500000000000   -0.73300000000000   17.03000000000000     3.0     3.0
 446    C    0.45900000000000   -1.31200000000000   17.05000000000000     2.0     2.0
 447    C    0.18800000000000   -2.69300000000000   17.18000000000000     2.0     2.0
 448    N    1.06100000000000   -3.77400000000000   17.32000000000000     2.5     2.5
 449    C    0.26900000000000   -4.81200000000000   17.40000000000000     2.0     2.0
 450    N   -1.07300000000000   -4.50400000000000   17.32000000000000     2.5     2.5
 451    C   -1.12300000000000   -3.13500000000000   17.18000000000000     2.0     2.0
 452    N   -2.25600000000000   -2.39400000000000   17.06000000000000     2.5     2.5
 453    C   -2.00000000000000   -1.09500000000000   16.93000000000000     2.0     2.0
 454    N   -0.72600000000000   -0.56500000000000   16.93000000000000     2.5     2.5
 455    H   -3.10800000000000   -4.88000000000000   16.95200000000000     0.5     0.5
 456    H   -2.42000000000000   -6.73200000000000   15.64000000000000     0.5     0.5
 457    H   -0.98200000000000   -7.01500000000000   16.61100000000000     0.5     0.5
 458    H   -2.43700000000000   -8.72000000000000   17.47100000000000     0.5     0.5
 459    H   -3.47000000000000   -7.42600000000000   19.53700000000000     0.5     0.5
 460    H   -1.10400000000000   -6.83600000000000   20.42500000000000     0.5     0.5
 461    H   -1.56100000000000   -8.53200000000000   20.15800000000000     0.5     0.5
 462    H   -3.97700000000000   -0.55100000000000   16.79200000000000     0.5     0.5
 463    H   -2.79900000000000    0.78600000000000   16.70700000000000     0.5     0.5
 464    H    0.63700000000000   -5.83100000000000   17.51900000000000     0.5     0.5
 465    H   -0.63600000000000    0.45700000000000   16.83500000000000     0.5     0.5
 466    P   -4.56200000000000   -7.65300000000000   15.60000000000000     2.5     2.5
 467    O   -5.83600000000000   -8.36600000000000   15.38000000000000     3.0     3.0
 468    O   -3.40300000000000   -8.13600000000000   14.81000000000000     3.0     3.0
 469    O   -4.75900000000000   -6.09100000000000   15.35000000000000     3.0     3.0
 470    O   -7.90400000000000   -3.75300000000000   13.77000000000000     3.0     3.0
 471    C   -5.00200000000000   -3.05300000000000   13.99000000000000     2.0     2.0
 472    C   -5.60800000000000   -4.25700000000000   13.28000000000000     2.0     2.0
 473    C   -6.80600000000000   -4.57400000000000   14.16000000000000     2.0     2.0
 474    C   -6.30000000000000   -4.23400000000000   15.56000000000000     2.0     2.0
 475    C   -5.55800000000000   -5.32900000000000   16.29000000000000     2.0     2.0
 476    O   -5.38700000000000   -3.11000000000000   15.35000000000000     3.0     3.0
 477    N   -2.55800000000000    1.58700000000000   13.42000000000000     2.5     2.5
 478    O    0.81900000000000   -1.50100000000000   13.65000000000000     3.0     3.0
 479    C   -0.40000000000000   -1.33100000000000   13.67000000000000     2.0     2.0
 480    C   -1.43100000000000   -2.28900000000000   13.80000000000000     2.0     2.0
 481    N   -1.36000000000000   -3.67700000000000   13.94000000000000     2.5     2.5
 482    C   -2.61100000000000   -4.05100000000000   14.02000000000000     2.0     2.0
 483    N   -3.51500000000000   -3.01300000000000   13.94000000000000     2.5     2.5
 484    C   -2.75100000000000   -1.87600000000000   13.80000000000000     2.0     2.0
 485    N   -3.23200000000000   -0.61100000000000   13.68000000000000     2.5     2.5
 486    C   -2.26200000000000    0.29000000000000   13.55000000000000     2.0     2.0
 487    N   -0.91900000000000   -0.03000000000000   13.55000000000000     2.5     2.5
 488    H   -5.38300000000000   -2.12100000000000   13.57200000000000     0.5     0.5
 489    H   -5.91500000000000   -4.02400000000000   12.26000000000000     0.5     0.5
 490    H   -4.91800000000000   -5.09900000000000   13.23100000000000     0.5     0.5
 491    H   -7.09700000000000   -5.62200000000000   14.09100000000000     0.5     0.5
 492    H   -7.17200000000000   -3.96800000000000   16.15700000000000     0.5     0.5
 493    H   -4.91100000000000   -4.88200000000000   17.04500000000000     0.5     0.5
 494    H   -6.27800000000000   -5.98500000000000   16.77800000000000     0.5     0.5
 495    H   -3.54200000000000    1.89200000000000   13.41200000000000     0.5     0.5
 496    H   -1.80300000000000    2.28100000000000   13.32700000000000     0.5     0.5
 497    H   -2.91200000000000   -5.09200000000000   14.13900000000000     0.5     0.5
 498    H   -0.24600000000000    0.74300000000000   13.45500000000000     0.5     0.5
 499    P   -8.18900000000000   -3.51000000000000   12.22000000000000     2.5     2.5
 500    O   -9.63800000000000   -3.33800000000000   12.00000000000000     3.0     3.0
 501    O   -7.53600000000000   -4.58200000000000   11.43000000000000     3.0     3.0
 502    O   -7.43000000000000   -2.13000000000000   11.97000000000000     3.0     3.0
 503    O   -8.60000000000000    1.61000000000000   10.39000000000000     3.0     3.0
 504    C   -5.84100000000000    0.47000000000000   10.61000000000000     2.0     2.0
 505    C   -7.03900000000000   -0.14700000000000    9.90000000000000     2.0     2.0
 506    C   -8.19500000000000    0.30000000000000   10.78000000000000     2.0     2.0
 507    C   -7.58500000000000    0.27800000000000   12.18000000000000     2.0     2.0
 508    C   -7.62900000000000   -1.04400000000000   12.91000000000000     2.0     2.0
 509    O   -6.18600000000000    0.65000000000000   11.97000000000000     3.0     3.0
 510    N   -1.13700000000000    2.78700000000000   10.04000000000000     2.5     2.5
 511    O   -0.22000000000000   -1.69600000000000   10.27000000000000     3.0     3.0
 512    C   -1.10600000000000   -0.84200000000000   10.29000000000000     2.0     2.0
 513    C   -2.50300000000000   -1.01100000000000   10.42000000000000     2.0     2.0
 514    N   -3.26100000000000   -2.17500000000000   10.56000000000000     2.5     2.5
 515    C   -4.49300000000000   -1.74300000000000   10.64000000000000     2.0     2.0
 516    N   -4.61500000000000   -0.37100000000000   10.56000000000000     2.5     2.5
 517    C   -3.32900000000000    0.09900000000000   10.42000000000000     2.0     2.0
 518    N   -2.97400000000000    1.40600000000000   10.30000000000000     2.5     2.5
 519    C   -1.65900000000000    1.56400000000000   10.17000000000000     2.0     2.0
 520    N   -0.76200000000000    0.51600000000000   10.17000000000000     2.5     2.5
 521    H   -5.60200000000000    1.44800000000000   10.19200000000000     0.5     0.5
 522    H   -7.15000000000000    0.22100000000000    8.88000000000000     0.5     0.5
 523    H   -6.97500000000000   -1.23400000000000    9.85100000000000     0.5     0.5
 524    H   -9.04600000000000   -0.37700000000000   10.71100000000000     0.5     0.5
 525    H   -8.13400000000000    1.00600000000000   12.77700000000000     0.5     0.5
 526    H   -6.84300000000000   -1.06300000000000   13.66500000000000     0.5     0.5
 527    H   -8.59700000000000   -1.15200000000000   13.39800000000000     0.5     0.5
 528    H   -1.75300000000000    3.61200000000000   10.03200000000000     0.5     0.5
 529    H   -0.11800000000000    2.90500000000000    9.94700000000000     0.5     0.5
 530    H   -5.34900000000000   -2.40800000000000   10.75900000000000     0.5     0.5
 531    H    0.23800000000000    0.74600000000000   10.07500000000000     0.5     0.5
 532    P   -8.68800000000000    1.97300000000000    8.84000000000000     2.5     2.5
 533    O   -9.75900000000000    2.96500000000000    8.62000000000000     3.0     3.0
 534    O   -8.79000000000000    0.72300000000000    8.05000000000000     3.0     3.0
 535    O   -7.26300000000000    2.64400000000000    8.59000000000000     3.0     3.0
 536    O   -6.01200000000000    6.35800000000000    7.01000000000000     3.0     3.0
 537    C   -4.44900000000000    3.81400000000000    7.23000000000000     2.0     2.0
 538    C   -5.78100000000000    4.01800000000000    6.52000000000000     2.0     2.0
 539    C   -6.45300000000000    5.06000000000000    7.40000000000000     2.0     2.0
 540    C   -5.97300000000000    4.68300000000000    8.80000000000000     2.0     2.0
 541    C   -6.78600000000000    3.63900000000000    9.53000000000000     2.0     2.0
 542    O   -4.62200000000000    4.16200000000000    8.59000000000000     3.0     3.0
 543    N    0.71800000000000    2.92300000000000    6.66000000000000     2.5     2.5
 544    O   -1.17500000000000   -1.24300000000000    6.89000000000000     3.0     3.0
 545    C   -1.39000000000000   -0.03100000000000    6.91000000000000     2.0     2.0
 546    C   -2.61900000000000    0.65300000000000    7.04000000000000     2.0     2.0
 547    N   -3.91700000000000    0.15700000000000    7.18000000000000     2.5     2.5
 548    C   -4.66000000000000    1.23100000000000    7.26000000000000     2.0     2.0
 549    N   -3.95200000000000    2.41200000000000    7.18000000000000     2.5     2.5
 550    C   -2.63500000000000    2.03700000000000    7.04000000000000     2.0     2.0
 551    N   -1.58000000000000    2.88500000000000    6.92000000000000     2.5     2.5
 552    C   -0.42300000000000    2.24000000000000    6.79000000000000     2.0     2.0
 553    N   -0.31300000000000    0.86500000000000    6.79000000000000     2.5     2.5
 554    H   -3.68100000000000    4.46400000000000    6.81200000000000     0.5     0.5
 555    H   -5.65500000000000    4.38200000000000    5.50000000000000     0.5     0.5
 556    H   -6.36900000000000    3.10100000000000    6.47100000000000     0.5     0.5
 557    H   -7.54000000000000    5.01300000000000    7.33100000000000     0.5     0.5
 558    H   -5.99000000000000    5.59500000000000    9.39700000000000     0.5     0.5
 559    H   -6.16000000000000    3.16200000000000   10.28500000000000     0.5     0.5
 560    H   -7.63200000000000    4.12100000000000   10.01800000000000     0.5     0.5
 561    H    0.70500000000000    3.95300000000000    6.65200000000000     0.5     0.5
 562    H    1.61200000000000    2.41900000000000    6.56700000000000     0.5     0.5
 563    H   -5.74200000000000    1.19600000000000    7.37900000000000     0.5     0.5
 564    H    0.63100000000000    0.46400000000000    6.69500000000000     0.5     0.5
 565    P   -5.86900000000000    6.70300000000000    5.46000000000000     2.5     2.5
 566    O   -6.15300000000000    8.13500000000000    5.24000000000000     3.0     3.0
 567    O   -6.68600000000000    5.75100000000000    4.67000000000000     3.0     3.0
 568    O   -4.32200000000000    6.40800000000000    5.21000000000000     3.0     3.0
 569    O   -1.12600000000000    8.67700000000000    3.63000000000000     3.0     3.0
 570    C   -1.35800000000000    5.70000000000000    3.85000000000000     2.0     2.0
 571    C   -2.31500000000000    6.64900000000000    3.14000000000000     2.0     2.0
 572    C   -2.24700000000000    7.88700000000000    4.02000000000000     2.0     2.0
 573    C   -2.08000000000000    7.30000000000000    5.42000000000000     2.0     2.0
 574    C   -3.35100000000000    6.93200000000000    6.15000000000000     2.0     2.0
 575    O   -1.29300000000000    6.08400000000000    5.21000000000000     3.0     3.0
 576    N    2.29900000000000    1.94300000000000    3.28000000000000     2.5     2.5
 577    O   -1.68100000000000   -0.31500000000000    3.51000000000000     3.0     3.0
 578    C   -1.14300000000000    0.79200000000000    3.53000000000000     2.0     2.0
 579    C   -1.73500000000000    2.06800000000000    3.66000000000000     2.0     2.0
 580    N   -3.07700000000000    2.43000000000000    3.80000000000000     2.5     2.5
 581    C   -3.04600000000000    3.73500000000000    3.88000000000000     2.0     2.0
 582    N   -1.77900000000000    4.27500000000000    3.80000000000000     2.5     2.5
 583    C   -0.93400000000000    3.19600000000000    3.66000000000000     2.0     2.0
 584    N    0.41800000000000    3.26300000000000    3.54000000000000     2.5     2.5
 585    C    0.97400000000000    2.06100000000000    3.41000000000000     2.0     2.0
 586    N    0.25500000000000    0.88400000000000    3.41000000000000     2.5     2.5
 587    H   -0.35400000000000    5.77500000000000    3.43200000000000     0.5     0.5
 588    H   -1.99900000000000    6.86900000000000    2.12000000000000     0.5     0.5
 589    H   -3.32900000000000    6.25200000000000    3.09100000000000     0.5     0.5
 590    H   -3.15400000000000    8.48700000000000    3.95100000000000     0.5     0.5
 591    H   -1.55700000000000    8.04700000000000    6.01700000000000     0.5     0.5
 592    H   -3.12500000000000    6.18000000000000    6.90500000000000     0.5     0.5
 593    H   -3.75200000000000    7.82000000000000    6.63800000000000     0.5     0.5
 594    H    2.89400000000000    2.78400000000000    3.27200000000000     0.5     0.5
 595    H    2.72600000000000    1.01000000000000    3.18700000000000     0.5     0.5
 596    H   -3.94300000000000    4.34300000000000    3.99900000000000     0.5     0.5
 597    H    0.78300000000000    0.00500000000000    3.31500000000000     0.5     0.5
 598    P   -0.80800000000000    8.87300000000000    2.08000000000000     2.5     2.5
 599    O   -0.19600000000000   10.19800000000000    1.86000000000000     3.0     3.0
 600    O   -2.02900000000000    8.58300000000000    1.29000000000000     3.0     3.0
 601    O    0.27000000000000    7.72500000000000    1.83000000000000     3.0     3.0
 602    O    4.18900000000000    7.68200000000000    0.25000000000000     3.0     3.0
 603    C    2.25200000000000    5.41000000000000    0.47000000000000     2.0     2.0
 604    C    2.03500000000000    6.74000000000000   -0.24000000000000     2.0     2.0
 605    C    2.81800000000000    7.70100000000000    0.64000000000000     2.0     2.0
 606    C    2.60800000000000    7.12800000000000    2.04000000000000     2.0     2.0
 607    C    1.36400000000000    7.57800000000000    2.77000000000000     2.0     2.0
 608    O    2.53000000000000    5.68200000000000    1.83000000000000     3.0     3.0
 609    N    3.00200000000000    0.22000000000000   -0.10000000000000     2.5     2.5
 610    O   -1.54500000000000    0.73300000000000    0.13000000000000     3.0     3.0
 611    C   -0.45900000000000    1.31200000000000    0.15000000000000     2.0     2.0
 612    C   -0.18800000000000    2.69300000000000    0.28000000000000     2.0     2.0
 613    N   -1.06100000000000    3.77400000000000    0.42000000000000     2.5     2.5
 614    C   -0.26900000000000    4.81200000000000    0.50000000000000     2.0     2.0
 615    N    1.07300000000000    4.50400000000000    0.42000000000000     2.5     2.5
 616    C    1.12300000000000    3.13500000000000    0.28000000000000     2.0     2.0
 617    N    2.25600000000000    2.39400000000000    0.16000000000000     2.5     2.5
 618    C    2.00000000000000    1.09500000000000    0.03000000000000     2.0     2.0
 619    N    0.72600000000000    0.56500000000000    0.03000000000000     2.5     2.5
 620    H    3.10800000000000    4.88000000000000    0.05200000000000     0.5     0.5
 621    H    2.42000000000000    6.73200000000000   -1.26000000000000     0.5     0.5
 622    H    0.98200000000000    7.01500000000000   -0.28900000000000     0.5     0.5
 623    H    2.43700000000000    8.72000000000000    0.57100000000000     0.5     0.5
 624    H    3.47000000000000    7.42600000000000    2.63700000000000     0.5     0.5
 625    H    1.10400000000000    6.83600000000000    3.52500000000000     0.5     0.5
 626    H    1.56100000000000    8.53200000000000    3.25800000000000     0.5     0.5
 627    H    3.97700000000000    0.55100000000000   -0.10800000000000     0.5     0.5
 628    H    2.79900000000000   -0.78600000000000   -0.19300000000000     0.5     0.5
 629    H   -0.63700000000000    5.83100000000000    0.61900000000000     0.5     0.5
 630    H    0.63600000000000   -0.45700000000000   -0.06500000000000     0.5     0.5
 631    H   -2.63000000000000   -9.17100000000000   -1.46500000000000     0.5     0.5
 632    H    2.70900000000000   -7.67300000000000    1.88600000000000     0.5     0.5
 633    H    6.69200000000000   -4.62400000000000    5.25500000000000     0.5     0.5
 634    H    9.51800000000000    0.33500000000000    8.67000000000000     0.5     0.5
 635    H    7.51500000000000    5.85900000000000   12.03800000000000     0.5     0.5
 636    H    2.63000000000000    9.16000000000000   15.42700000000000     0.5     0.5
 637    H   -3.28600000000000    9.00600000000000   18.84400000000000     0.5     0.5
 638    H   -9.93000000000000    3.85700000000000   22.60200000000000     0.5     0.5
 639    H   -8.77600000000000   -0.91100000000000   26.58300000000000     0.5     0.5
 640    H   -7.50800000000000   -5.86000000000000   28.94300000000000     0.5     0.5
 641    H    2.69500000000000    7.71100000000000   31.95000000000000     0.5     0.5
 642    H    9.51300000000000   -0.32900000000000   25.13900000000001     0.5     0.5
 643    H    2.62900000000000   -9.14500000000000   18.38200000000000     0.5     0.5
 644    H  -10.45300000000000    3.45200000000000    8.53000000000000     0.5     0.5
 645    H  -10.44900000000000   -3.21700000000000   11.76400000000000     0.5     0.5
 646    H   -6.61000000000000   -8.71600000000000   15.31900000000000     0.5     0.5
 647    H    6.28100000000000   -8.93400000000000   21.87300000000000     0.5     0.5
 648    H   10.47000000000000    3.17100000000000   28.83300000000000     0.5     0.5
 649    H    0.25400000000000   10.92100000000000    1.83500000000000     0.5     0.5
 650    H   -6.27400000000000    8.97200000000000    5.14900000000000     0.5     0.5
Atoms.SpeciesAndCoordinates>


Atoms.UnitVectors.Unit  Ang
<Atoms.UnitVectors
 28.000000000000000   0.000000000000000   0.000000000000000 
  0.000000000000000  28.000000000000000   0.000000000000000 
  0.000000000000000   0.000000000000000  33.799999999999997 
Atoms.UnitVectors>

#
# SCF or Electronic System
#

scf.XcType                GGA-PBE      # LDA|LSDA-CA|LSDA-PW
scf.SpinPolarization       Off         # On|Off
scf.partialCoreCorrection   On         # On|Off
scf.ElectronicTemperature  300.0        # default=300 (K)
scf.energycutoff           150.0       # default=150 (Ry)
scf.maxIter                 70         # default=40
scf.EigenvalueSolver        Band         # Recursion|Cluster|Band
scf.Kgrid                  1 1 3       # means 4x4x4
scf.Mixing.Type           rmm-diish    # Simple|Rmm-Diis|Gr-Pulay
scf.Init.Mixing.Weight     0.001      # default=0.30 
scf.Min.Mixing.Weight      0.001      # default=0.001 
scf.Max.Mixing.Weight      0.100      # default=0.40 
scf.Mixing.History         50          # default=5
scf.Mixing.StartPulay      23          # default=6
scf.Mixing.EveryPulay       1          # default=6
scf.criterion             1.0e-13       # default=1.0e-6 (Hartree) 
scf.eigen.lib             gpusolver

#
# SCF Order-N
#

#orderN.HoppingRanges         6.3       # default=5.0 (Ang) 
#orderN.NumHoppings            2       # default=2


Band.dispersion              off       # on|off, default=off
#<Band.KPath.UnitCell
#3.56  0.00  0.00
#0.00  3.56  0.00
#0.00  0.00  3.56
#Band.KPath.UnitCell>
# if <Band.KPath.UnitCell does not exist,
#     the reciprical lattice vector is employed. 
Band.Nkpath                1
<Band.kpath                
11  0.0 0.0 -9.2947e8   0.0 0.0 9.2947e8   g Z
Band.kpath>


#
# MD or Geometry Optimization
#

MD.Type                     Opt        # Nomd|Opt|DIIS|NVE|NVT_VS|NVT_NH
MD.Opt.DIIS.History          3         # default=3
MD.Opt.StartDIIS             5         # default=5
MD.Opt.EveryDIIS            200        # default=200
MD.maxIter                  1      # default=1
MD.Opt.criterion            0.0002     # default=0.0003 (Hartree/Bohr)

#
# MO output
#

MO.fileout                       off   # on|off
num.HOMOs                         1    # default=2
num.LUMOs                         1    # default=2
MO.Nkpoint                        1    # default=1 
<MO.kpoint
  0.0  0.0  0.0
MO.kpoint>

#
# DOS and PDOS
#

Dos.fileout                  off       # on|off, default=off
Dos.Erange              -25.0  20.0    # default = -20 20 
Dos.Kgrid                12 12 12      # default = Kgrid1 Kgrid2 Kgrid3
